225 45
345 165
375 75
435 405
405 75
255 375
375 405
465 465
465 525
165 165
255 525
375 405
465 465
585 315
315 195
465 15
315 105
465 465
45 525
255 555
15 75
345 255
165 525
345 225
525 375
555 195
45 435
45 435
465 15
465 495
555 285
495 75
255 435
255 315
45 225
285 435
375 285
555 75
315 105
195 555
465 15
405 525
495 405
585 15
525 255
195 105
525 555
165 195
555 135
585 435
525 315
135 105
165 135
495 105
315 495
285 195
465 525
435 525
45 555
495 225
75 375
315 165
165 225
525 255
285 75
165 555
75 15
375 465
435 525
315 135
465 465
45 225
405 315
285 225
375 75
555 405
75 405
165 525
465 495
225 375
315 465
