315 309
315 303
315 297
315 291
315 285
315 279
315 273
315 267
315 261
315 255
315 249
315 243
315 237
315 231
315 225
315 219
315 213
315 207
315 201
315 195
315 189
315 183
315 177
315 171
315 165
315 159
315 153
315 147
315 141
315 135
315 129
315 123
315 117
315 111
315 105
315 99
315 93
315 87
315 81
315 75
309 75
303 75
297 75
291 75
285 75
285 81
285 87
285 93
285 99
285 105
285 111
285 117
285 123
285 129
285 135
285 141
285 147
285 153
285 159
285 165
285 171
285 177
285 183
285 189
285 195
285 201
285 207
285 213
285 219
285 225
285 231
285 237
285 243
285 249
285 255
279 255
273 255
267 255
261 255
255 255
255 261
255 267
255 273
255 279
255 285
255 291
255 297
255 303
255 309
255 315
255 321
255 327
255 333
255 339
255 345
255 351
255 357
255 363
255 369
255 375
261 375
267 375
273 375
279 375
285 375
285 369
285 363
285 357
285 351
285 345
279 345
273 345
267 345
261 345
255 345
255 351
255 357
255 363
255 369
255 375
261 375
267 375
273 375
279 375
285 375
291 375
297 375
303 375
309 375
315 375
321 375
327 375
333 375
339 375
345 375
345 381
345 387
345 393
345 399
345 405
345 411
345 417
345 423
345 429
345 435
345 441
345 447
345 453
345 459
345 465
345 471
345 477
345 483
345 489
345 495
339 495
333 495
327 495
321 495
315 495
309 495
303 495
297 495
291 495
285 495
279 495
273 495
267 495
261 495
255 495
249 495
243 495
237 495
231 495
225 495
225 501
225 507
225 513
225 519
225 525
231 525
237 525
243 525
249 525
255 525
261 525
267 525
273 525
279 525
285 525
285 519
285 513
285 507
285 501
285 495
279 495
273 495
267 495
261 495
255 495
249 495
243 495
237 495
231 495
225 495
219 495
213 495
207 495
201 495
195 495
195 489
195 483
195 477
195 471
195 465
195 459
195 453
195 447
195 441
195 435
201 435
207 435
213 435
219 435
225 435
231 435
237 435
243 435
249 435
255 435
255 441
255 447
255 453
255 459
255 465
255 471
255 477
255 483
255 489
255 495
249 495
243 495
237 495
231 495
225 495
225 489
225 483
225 477
225 471
225 465
225 459
225 453
225 447
225 441
225 435
231 435
237 435
243 435
249 435
255 435
261 435
267 435
273 435
279 435
285 435
291 435
297 435
303 435
309 435
315 435
321 435
327 435
333 435
339 435
345 435
345 429
345 423
345 417
345 411
345 405
345 399
345 393
345 387
345 381
345 375
345 369
345 363
345 357
345 351
345 345
345 339
345 333
345 327
345 321
345 315
351 315
357 315
363 315
369 315
375 315
375 309
375 303
375 297
375 291
375 285
375 279
375 273
375 267
375 261
375 255
381 255
387 255
393 255
399 255
405 255
405 249
405 243
405 237
405 231
405 225
411 225
417 225
423 225
429 225
435 225
441 225
447 225
453 225
459 225
465 225
471 225
477 225
483 225
489 225
495 225
495 219
495 213
495 207
495 201
495 195
495 189
495 183
495 177
495 171
495 165
495 159
495 153
495 147
495 141
495 135
495 129
495 123
495 117
495 111
495 105
495 99
495 93
495 87
495 81
495 75
495 69
495 63
495 57
495 51
495 45
495 39
495 33
495 27
495 21
495 15
489 15
483 15
477 15
471 15
465 15
459 15
453 15
447 15
441 15
435 15
435 21
435 27
435 33
435 39
435 45
435 51
435 57
435 63
435 69
435 75
429 75
423 75
417 75
411 75
405 75
399 75
393 75
387 75
381 75
375 75
369 75
363 75
357 75
351 75
345 75
339 75
333 75
327 75
321 75
315 75
309 75
303 75
297 75
291 75
285 75
279 75
273 75
267 75
261 75
255 75
249 75
243 75
237 75
231 75
225 75
219 75
213 75
207 75
201 75
195 75
189 75
183 75
177 75
171 75
165 75
159 75
153 75
147 75
141 75
135 75
129 75
123 75
117 75
111 75
105 75
99 75
93 75
87 75
81 75
75 75
69 75
63 75
57 75
51 75
45 75
39 75
33 75
27 75
21 75
15 75
15 81
15 87
15 93
15 99
15 105
15 111
15 117
15 123
15 129
15 135
21 135
27 135
33 135
39 135
45 135
51 135
57 135
63 135
69 135
75 135
75 141
75 147
75 153
75 159
75 165
75 171
75 177
75 183
75 189
75 195
75 201
75 207
75 213
75 219
75 225
75 231
75 237
75 243
75 249
75 255
75 261
75 267
75 273
75 279
75 285
81 285
87 285
93 285
99 285
105 285
105 279
105 273
105 267
105 261
105 255
105 249
105 243
105 237
105 231
105 225
99 225
93 225
87 225
81 225
75 225
69 225
63 225
57 225
51 225
45 225
39 225
33 225
27 225
21 225
15 225
9 225
3 225
585 225
579 225
573 225
567 225
561 225
555 225
549 225
543 225
537 225
531 225
525 225
525 231
525 237
525 243
525 249
525 255
525 261
525 267
525 273
525 279
525 285
525 291
525 297
525 303
525 309
525 315
525 321
525 327
525 333
525 339
525 345
525 351
525 357
525 363
525 369
525 375
525 381
525 387
525 393
525 399
525 405
525 411
525 417
525 423
525 429
525 435
519 435
513 435
507 435
501 435
495 435
489 435
483 435
477 435
471 435
465 435
459 435
453 435
447 435
441 435
435 435
435 429
435 423
435 417
435 411
435 405
441 405
447 405
453 405
459 405
465 405
471 405
477 405
483 405
489 405
495 405
501 405
507 405
513 405
519 405
525 405
531 405
537 405
543 405
549 405
555 405
561 405
567 405
573 405
579 405
585 405
585 399
585 393
585 387
585 381
585 375
585 369
585 363
585 357
585 351
585 345
585 339
585 333
585 327
585 321
585 315
585 309
585 303
585 297
585 291
585 285
585 279
585 273
585 267
585 261
585 255
585 249
585 243
585 237
585 231
585 225
579 225
573 225
567 225
561 225
555 225
549 225
543 225
537 225
531 225
525 225
519 225
513 225
507 225
501 225
495 225
489 225
483 225
477 225
471 225
465 225
465 219
465 213
465 207
465 201
465 195
465 189
465 183
465 177
465 171
465 165
471 165
477 165
483 165
489 165
495 165
501 165
507 165
513 165
519 165
525 165
531 165
537 165
543 165
549 165
555 165
555 171
555 177
555 183
555 189
555 195
555 201
555 207
555 213
555 219
555 225
555 231
555 237
555 243
555 249
555 255
555 261
555 267
555 273
555 279
555 285
549 285
543 285
537 285
531 285
525 285
525 291
525 297
525 303
525 309
525 315
525 321
525 327
525 333
525 339
525 345
525 351
525 357
525 363
525 369
525 375
519 375
513 375
507 375
501 375
495 375
489 375
483 375
477 375
471 375
465 375
459 375
453 375
447 375
441 375
435 375
429 375
423 375
417 375
411 375
405 375
405 381
405 387
405 393
405 399
405 405
405 411
405 417
405 423
405 429
405 435
399 435
393 435
387 435
381 435
375 435
369 435
363 435
357 435
351 435
345 435
339 435
333 435
327 435
321 435
315 435
309 435
303 435
297 435
291 435
285 435
279 435
273 435
267 435
261 435
255 435
255 429
255 423
255 417
255 411
255 405
255 399
255 393
255 387
255 381
255 375
255 369
255 363
255 357
255 351
255 345
255 339
255 333
255 327
255 321
255 315
261 315
267 315
273 315
279 315
285 315
291 315
297 315
303 315
309 315
315 315
321 315
327 315
333 315
339 315
345 315
351 315
357 315
363 315
369 315
375 315
381 315
387 315
393 315
399 315
405 315
411 315
417 315
423 315
429 315
435 315
441 315
447 315
453 315
459 315
465 315
471 315
477 315
483 315
489 315
495 315
501 315
507 315
513 315
519 315
525 315
531 315
537 315
543 315
549 315
555 315
561 315
567 315
573 315
579 315
585 315
591 315
597 315
15 315
21 315
27 315
33 315
39 315
45 315
51 315
57 315
63 315
69 315
75 315
81 315
87 315
93 315
99 315
105 315
111 315
117 315
123 315
129 315
135 315
141 315
147 315
153 315
159 315
165 315
171 315
177 315
183 315
189 315
195 315
201 315
207 315
213 315
219 315
225 315
231 315
237 315
243 315
249 315
255 315
261 315
267 315
273 315
279 315
285 315
291 315
297 315
303 315
309 315
315 315
321 315
327 315
333 315
339 315
345 315
351 315
357 315
363 315
369 315
375 315
381 315
387 315
393 315
399 315
405 315
411 315
417 315
423 315
429 315
435 315
441 315
447 315
453 315
459 315
465 315
471 315
477 315
483 315
489 315
495 315
495 309
495 303
495 297
495 291
495 285
495 279
495 273
495 267
495 261
495 255
495 249
495 243
495 237
495 231
495 225
495 219
495 213
495 207
495 201
495 195
495 189
495 183
495 177
495 171
495 165
495 159
495 153
495 147
495 141
495 135
495 129
495 123
495 117
495 111
495 105
495 99
495 93
495 87
495 81
495 75
495 69
495 63
495 57
495 51
495 45
495 39
495 33
495 27
495 21
495 15
489 15
483 15
477 15
471 15
465 15
459 15
453 15
447 15
441 15
435 15
429 15
423 15
417 15
411 15
405 15
405 21
405 27
405 33
405 39
405 45
405 51
405 57
405 63
405 69
405 75
399 75
393 75
387 75
381 75
375 75
369 75
363 75
357 75
351 75
345 75
339 75
333 75
327 75
321 75
315 75
309 75
303 75
297 75
291 75
285 75
279 75
273 75
267 75
261 75
255 75
249 75
243 75
237 75
231 75
225 75
225 81
225 87
225 93
225 99
225 105
225 111
225 117
225 123
225 129
225 135
225 141
225 147
225 153
225 159
225 165
225 171
225 177
225 183
225 189
225 195
225 201
225 207
225 213
225 219
225 225
219 225
213 225
207 225
201 225
195 225
195 219
195 213
195 207
195 201
195 195
195 189
195 183
195 177
195 171
195 165
195 159
195 153
195 147
195 141
195 135
195 129
195 123
195 117
195 111
195 105
195 99
195 93
195 87
195 81
195 75
201 75
207 75
213 75
219 75
225 75
231 75
237 75
243 75
249 75
255 75
261 75
267 75
273 75
279 75
285 75
285 81
285 87
285 93
285 99
285 105
285 111
285 117
285 123
285 129
285 135
285 141
285 147
285 153
285 159
285 165
285 171
285 177
285 183
285 189
285 195
285 201
285 207
285 213
285 219
285 225
291 225
297 225
303 225
309 225
315 225
321 225
327 225
333 225
339 225
345 225
345 231
345 237
345 243
345 249
345 255
345 261
345 267
345 273
345 279
345 285
345 291
345 297
345 303
345 309
345 315
351 315
357 315
363 315
369 315
375 315
381 315
387 315
393 315
399 315
405 315
411 315
417 315
423 315
429 315
435 315
441 315
447 315
453 315
459 315
465 315
471 315
477 315
483 315
489 315
495 315
501 315
507 315
513 315
519 315
525 315
525 309
525 303
525 297
525 291
525 285
525 279
525 273
525 267
525 261
525 255
519 255
513 255
507 255
501 255
495 255
489 255
483 255
477 255
471 255
465 255
459 255
453 255
447 255
441 255
435 255
435 249
435 243
435 237
435 231
435 225
429 225
423 225
417 225
411 225
405 225
399 225
393 225
387 225
381 225
375 225
369 225
363 225
357 225
351 225
345 225
339 225
333 225
327 225
321 225
315 225
315 219
315 213
315 207
315 201
315 195
309 195
303 195
297 195
291 195
285 195
279 195
273 195
267 195
261 195
255 195
249 195
243 195
237 195
231 195
225 195
219 195
213 195
207 195
201 195
195 195
195 201
195 207
195 213
195 219
195 225
195 231
195 237
195 243
195 249
195 255
195 261
195 267
195 273
195 279
195 285
195 291
195 297
195 303
195 309
195 315
195 321
195 327
195 333
195 339
195 345
195 351
195 357
195 363
195 369
195 375
189 375
183 375
177 375
171 375
165 375
159 375
153 375
147 375
141 375
135 375
129 375
123 375
117 375
111 375
105 375
99 375
93 375
87 375
81 375
75 375
75 369
75 363
75 357
75 351
75 345
75 339
75 333
75 327
75 321
75 315
75 309
75 303
75 297
75 291
75 285
75 279
75 273
75 267
75 261
75 255
75 249
75 243
75 237
75 231
75 225
81 225
87 225
93 225
99 225
105 225
111 225
117 225
123 225
129 225
135 225
141 225
147 225
153 225
159 225
165 225
165 231
165 237
165 243
165 249
165 255
165 261
165 267
165 273
165 279
165 285
165 291
165 297
165 303
165 309
165 315
165 321
165 327
165 333
165 339
165 345
165 351
165 357
165 363
165 369
165 375
165 381
165 387
165 393
165 399
165 405
165 411
165 417
165 423
165 429
165 435
165 441
165 447
165 453
165 459
165 465
165 471
165 477
165 483
165 489
165 495
165 501
165 507
165 513
165 519
165 525
165 531
165 537
165 543
165 549
165 555
171 555
177 555
183 555
189 555
195 555
201 555
207 555
213 555
219 555
225 555
231 555
237 555
243 555
249 555
255 555
255 549
255 543
255 537
255 531
255 525
255 519
255 513
255 507
255 501
255 495
261 495
267 495
273 495
279 495
285 495
291 495
297 495
303 495
309 495
315 495
321 495
327 495
333 495
339 495
345 495
345 489
345 483
345 477
345 471
345 465
351 465
357 465
363 465
369 465
375 465
381 465
387 465
393 465
399 465
405 465
411 465
417 465
423 465
429 465
435 465
441 465
447 465
453 465
459 465
465 465
465 459
465 453
465 447
465 441
465 435
465 429
465 423
465 417
465 411
465 405
465 399
465 393
465 387
465 381
465 375
471 375
477 375
483 375
489 375
495 375
501 375
507 375
513 375
519 375
525 375
531 375
537 375
543 375
549 375
555 375
555 381
555 387
555 393
555 399
555 405
555 411
555 417
555 423
555 429
555 435
555 441
555 447
555 453
555 459
555 465
549 465
543 465
537 465
531 465
525 465
519 465
513 465
507 465
501 465
495 465
495 459
495 453
495 447
495 441
495 435
495 429
495 423
495 417
495 411
495 405
489 405
483 405
477 405
471 405
465 405
